,0.465
,0.402
,0.402
,0.404
,0.405
,0.409
,0.405
,0.402
,0.415
,0.401
,0.402
,0.399
,0.406
,0.401
,0.404
,0.400
,0.403
,0.403
,0.405
,0.407
,0.401
,0.412
,0.401
,0.402
,0.406
,0.404
,0.405
,0.400
,0.408
,0.406
,0.404
,0.404
,0.403
,0.401
,0.403
,0.407
,0.402
,0.399
,0.401
,0.411
,0.403
,0.407
,0.403
,0.406
,0.403
,0.409
,0.405
,0.404
,0.403
,0.408
,0.405
,0.405
,0.404
,0.411
,0.406
,0.401
,0.403
,0.447
,0.405
,0.407
,0.401
,0.401
,0.404
,0.407
,0.403
,0.401
,0.404
,0.406
,0.407
,0.404
,0.404
,0.404
,0.404
,0.406
,0.401
,0.402
,0.404
,0.406
,0.409
,0.404
,0.407
,0.403
,0.404
,0.408
,0.415
,0.408
,0.400
,0.399
,0.414
,0.401
,0.399
,0.405
,0.400
,0.406
,0.401
,0.408
,0.402
,0.403
,0.406
,0.400
